# select a random sample without replacement
from random import seed
from random import sample
# seed random number generator
seed(1)
# prepare a sequence
sequence = [i for i in range(100)]
# select a subset without replacement
subset = sample(sequence, 10)
print(subset)
# make choices from the sequence

Random number on input to deploy smart contract quicksort, bubble sort, merge sort

[17, 72, 97, 8, 32, 15, 63, 57, 60, 83]
Best case: [8,15,17,32,57,60,63,72,83,97]

worts case:[17, 72, 83, 8, 97, 15, 63, 57, 60, 32]
[7, 11, 10, 46, 21, 94, 85, 39, 32, 77, 27, 4, 74, 87, 20, 55, 81, 50, 92, 65]
best: [4,7,10,11,20,21,27,32,39,46,50,55,65,74,77,81,85,87,92,94]
worst: [7, 11, 10, 46, 21, 94, 85, 39, 32, 4, 27, 77, 74, 87, 20, 55, 81, 50, 92, 65]

[30, 75, 69, 16, 47, 77, 60, 80, 74, 8, 94, 1, 93, 33, 70, 29, 24, 87, 97, 85, 82, 50, 19, 84, 89, 66, 49, 88, 90, 20, 5, 38, 3, 34, 79, 73, 54, 25, 46, 51]
best:[1,3,5,8,16,19,20,24,25,29,30,33,34,38,46,47,49,50,51,54,60,66,69,70,73,74,75,77,79,80,82,84,85,87,88,89,90,93,94,97]
worst: [30, 75, 69, 16, 47, 77, 60, 80, 74, 8, 94, 85, 93, 33, 70, 29, 24, 87, _97_, 1, 82, 50, 19, 84, 89, 66, 49, 88, 90, 20, 5, 38, 3, 34, 79, 73, 54, 25, 46, 51]

[30, 38, 13, 92, 50, 61, 19, 11, 8, 2, 51, 70, 37, 7, 28, 66, 68, 46, 35, 22, 97, 33, 27, 3, 78, 34, 24, 21, 39, 87, 47, 96, 43, 49, 64, 31, 80, 15, 99, 17, 5, 52, 55, 81, 53, 93, 0, 18, 36, 45, 54, 48, 32, 12, 26, 77, 98, 58, 44, 85]
best:[0,2,3,5,7,8,11,12,13,15,17,18,19,21,22,24,26,27,28,30,31,32,33,34,35,36,37,38,39,43,44,45,46,47,48,49,50,51,52,53,54,55,58,61,64,66,68,70,77,78,80,81,85,87,92,93,96,97,98,99]
worst: [30, 38, 13, 92, 50, 61, 19, 11, 8, 2, 51, 70, 37, 7, 28, 66, 68, 46, 35, 22, 97, 33, 27, 3, 78, 34, 24, 21, _99_, 87, 47, 96, 43, 49, 64, 31, 80, 15, 39, 17, 5, 52, 55, 81, 53, 93, 0, 18, 36, 45, 54, 48, 32, 12, 26, 77, 98, 58, 44, 85]


[79, 32, 94, 45, 88, 97, 83, 67, 3, 59, 31, 93, 6, 20, 14, 47, 60, 89, 48, 69, 13, 73, 82, 1, 27, 52, 35, 23, 49, 86, 9, 17, 56, 16, 66, 0, 64, 99, 71, 62, 10, 55, 90, 18, 70, 12, 34, 43, 40, 95, 11, 44, 54, 24, 19, 76, 72, 26, 57, 80, 65, 4, 21, 96, 63, 37, 38, 36, 22, 42, 51, 15, 77, 41, 5, 28, 46, 75, 25, 81]
best: [0,1,3,4,5,6,9,10,11,12,13,14,15,16,17,18,19,20,21,22,23,24,25,26,27,28,31,32,34,35,36,37,38,40,41,42,43,44,45,46,47,48,49,51,52,54,55,56,57,59,60,62,63,64,65,66,67,69,70,71,72,73,75,76,77,79,80,81,82,83,86,88,89,90,93,94,95,96,97,99]
worst:[79, 32, 94, 45, 88, 97, 83, 67, 3, 59, 31, 93, 6, 20, 14, 47, 60, 89, 48, 69, 13, 73, 82, 1, 27, 52, 35, 23, 49, 86, 9, 17, 56, 16, 66, 62, 64, 99, 71, 0 , 10, 55, 90, 18, 70, 12, 34, 43, 40, 95, 11, 44, 54, 24, 19, 76, 72, 26, 57, 80, 65, 4, 21, 96, 63, 37, 38, 36, 22, 42, 51, 15, 77, 41, 5, 28, 46, 75, 25, 81]

[73, 10, 62, 33, 4, 0, 18, 84, 75, 60, 47, 40, 2, 34, 97, 25, 52, 68, 69, 12, 24, 72, 70, 96, 11, 54, 42, 91, 46, 83, 32, 56, 80, 92, 37, 67, 5, 65, 57, 64, 77, 41, 23, 31, 53, 90, 81, 36, 58, 44, 55, 1, 88, 61, 15, 38, 27, 19, 22, 85, 7, 63, 49, 76, 74, 39, 17, 99, 35, 82, 45, 86, 95, 89, 6, 51, 16, 94, 66, 50, 79, 98, 59, 9, 78, 21, 8, 14, 43, 87, 28, 26, 93, 3, 29, 30, 13, 48, 20, 71]
best case:[0,1,2,3,4,5,6,7,8,9,10,11,12,13,14,15,16,17,18,19,20,21,22,23,24,25,26,27,28,29,30,31,32,33,34,35,36,37,38,39,40,41,42,43,44,45,46,47,48,49,50,51,52,53,54,55,56,57,58,59,60,61,62,63,64,65,66,67,68,69,70,71,72,73,74,75,76,77,78,79,80,81,82,83,84,85,86,87,88,89,90,91,92,93,94,95,96,97,98,99]

worst case :[73, 10, 62, 33, 4, 58, 18, 84, 75, 60, 47, 40, 2, 34, 97, 25, 52, 68, 69, 12, 24, 72, 70, 96, 11, 54, 42, 91, 46, 83, 32, 56, 80, 92, 37, 67, 5, 65, 57, 64, 77, 41, 23, 31, 53, 90, 81, 36, 0, 44, 55, 1, 88, 61, 15, 38, 27, 19, 22, 85, 7, 63, 49, 76, 74, 39, 17, 99, 35, 82, 45, 86, 95, 89, 6, 51, 16, 94, 66, 50, 79, 98, 59, 9, 78, 21, 8, 14, 43, 87, 28, 26, 93, 3, 29, 30, 13, 48, 20, 71]